      0.976562500000E-001      0.613328788495E-007      0.750871909240E-006      0.132127103855E-005
      0.991821289062E-001      0.609665825953E-007      0.761804492662E-006      0.134504346231E-005
      0.100708007813E+000      0.605896781153E-007      0.772694031481E-006      0.136899338282E-005
      0.102233886719E+000      0.602019179046E-007      0.783539378658E-006      0.139312536917E-005
      0.103759765625E+000      0.598030471044E-007      0.794339359710E-006      0.141744411680E-005
      0.105285644531E+000      0.593928032854E-007      0.805092771823E-006      0.144195445174E-005
      0.106811523438E+000      0.589709162221E-007      0.815798382939E-006      0.146666133505E-005
      0.108337402344E+000      0.585371076608E-007      0.826454930808E-006      0.149156986757E-005
      0.109863281250E+000      0.580910910771E-007      0.837061122004E-006      0.151668529491E-005
      0.111389160156E+000      0.576325714268E-007      0.847615630918E-006      0.154201301265E-005
      0.112915039062E+000      0.571612448859E-007      0.858117098704E-006      0.156755857187E-005
      0.114440917969E+000      0.566767985825E-007      0.868564132193E-006      0.159332768500E-005
      0.115966796875E+000      0.561789103182E-007      0.878955302765E-006      0.161932623186E-005
      0.117492675781E+000      0.556672482803E-007      0.889289145190E-006      0.164556026611E-005
      0.119018554688E+000      0.551414707423E-007      0.899564156410E-006      0.167203602199E-005
      0.120544433594E+000      0.546012257551E-007      0.909778794293E-006      0.169875992143E-005
      0.122070312500E+000      0.540461508254E-007      0.919931476332E-006      0.172573858147E-005
      0.123596191406E+000      0.534758725837E-007      0.930020578295E-006      0.175297882213E-005
      0.125122070313E+000      0.528900064396E-007      0.940044432828E-006      0.178048767462E-005
      0.126647949219E+000      0.522881562249E-007      0.950001328003E-006      0.180827239005E-005
      0.128173828125E+000      0.516699156087E-007      0.959889502352E-006      0.183634045287E-005
      0.129699707031E+000      0.510348607466E-007      0.969707156892E-006      0.186469957328E-005
      0.131225585938E+000      0.503825600879E-007      0.979452433461E-006      0.189335772265E-005
      0.132751464844E+000      0.497125673172E-007      0.989123426163E-006      0.192232312757E-005
      0.134277343750E+000      0.490244225517E-007      0.998718176379E-006      0.195160428505E-005
      0.135803222656E+000      0.483176518999E-007      0.100823467094E-005      0.198120997435E-005
      0.137329101562E+000      0.475917670026E-007      0.101767084021E-005      0.201114926936E-005
      0.138854980469E+000      0.468462645588E-007      0.102702455614E-005      0.204143155171E-005
      0.140380859375E+000      0.460806258338E-007      0.103629363017E-005      0.207206652452E-005
      0.141906738281E+000      0.452943161494E-007      0.104547581111E-005      0.210306422700E-005
      0.143432617188E+000      0.444867843563E-007      0.105456878285E-005      0.213443504977E-005
      0.144958496094E+000      0.436574622871E-007      0.106357016212E-005      0.216618975112E-005
      0.146484375000E+000      0.428057641901E-007      0.107247749597E-005      0.219833947413E-005
      0.148010253906E+000      0.419310861430E-007      0.108128825926E-005      0.223089576479E-005
      0.149536132812E+000      0.410328054451E-007      0.108999985203E-005      0.226387059117E-005
      0.151062011719E+000      0.401102799890E-007      0.109860959673E-005      0.229727636367E-005
      0.152587890625E+000      0.391628476095E-007      0.110711473529E-005      0.233112595653E-005
      0.154113769531E+000      0.381898254100E-007      0.111551242617E-005      0.236543273052E-005
      0.155639648438E+000      0.371905090656E-007      0.112379974113E-005      0.240021055709E-005
      0.157165527344E+000      0.361641721019E-007      0.113197366200E-005      0.243547384391E-005
      0.158691406250E+000      0.351100651496E-007      0.114003107717E-005      0.247123756198E-005
      0.160217285156E+000      0.340274151732E-007      0.114796877798E-005      0.250751727447E-005
      0.161743164063E+000      0.329154246743E-007      0.115578345497E-005      0.254432916731E-005
      0.163269042969E+000      0.317732708686E-007      0.116347169385E-005      0.258169008173E-005
      0.164794921875E+000      0.306001048352E-007      0.117102997139E-005      0.261961754889E-005
      0.166320800781E+000      0.293950506395E-007      0.117845465099E-005      0.265812982670E-005
      0.167846679688E+000      0.281572044272E-007      0.118574197815E-005      0.269724593916E-005
      0.169372558594E+000      0.268856334906E-007      0.119288807558E-005      0.273698571814E-005
      0.170898437500E+000      0.255793753061E-007      0.119988893820E-005      0.277736984811E-005
      0.172424316406E+000      0.242374365434E-007      0.120674042775E-005      0.281841991377E-005
      0.173950195312E+000      0.228587920446E-007      0.121343826720E-005      0.286015845106E-005
      0.175476074219E+000      0.214423837755E-007      0.121997803484E-005      0.290260900157E-005
      0.177001953125E+000      0.199871197478E-007      0.122635515802E-005      0.294579617092E-005
      0.178527832031E+000      0.184918729120E-007      0.123256490659E-005      0.298974569114E-005
      0.180053710938E+000      0.169554800231E-007      0.123860238596E-005      0.303448448766E-005
      0.181579589844E+000      0.153767404781E-007      0.124446252973E-005      0.308004075106E-005
      0.183105468750E+000      0.137544151273E-007      0.125014009195E-005      0.312644401425E-005
      0.184631347656E+000      0.120872250596E-007      0.125562963888E-005      0.317372523528E-005
      0.186157226563E+000      0.103738503637E-007      0.126092554030E-005      0.322191688648E-005
      0.187683105469E+000      0.861292886652E-008      0.126602196024E-005      0.327105305050E-005
      0.189208984375E+000      0.680305229086E-008      0.127091285035E-005      0.332116952123E-005
      0.190734863281E+000      0.494277503250E-008      0.127559192725E-005      0.337230392510E-005
      0.192260742188E+000      0.303059797236E-008      0.128005267916E-005      0.342449582729E-005
      0.193786621094E+000      0.106497690120E-008      0.128428834260E-005      0.347778687136E-005
      0.195312500000E+000     -0.955681217526E-009      0.128829189256E-005      0.353222091796E-005
      0.196838378906E+000     -0.303301959090E-008      0.129205602903E-005      0.358784419750E-005
      0.198364257812E+000     -0.516873294086E-008      0.129557316257E-005      0.364470547586E-005
      0.199890136719E+000     -0.736456884465E-008      0.129883539884E-005      0.370285623414E-005
      0.201416015625E+000     -0.962232906647E-008      0.130183452206E-005      0.376235086429E-005
      0.202941894531E+000     -0.119438708750E-007      0.130456197717E-005      0.382324688180E-005
      0.204467773438E+000     -0.143311083408E-007      0.130700885069E-005      0.388560515773E-005
      0.205993652344E+000     -0.167860136093E-007      0.130916584999E-005      0.394949017164E-005
      0.207519531250E+000     -0.193106181420E-007      0.131102328101E-005      0.401497028819E-005
      0.209045410156E+000     -0.219070139238E-007      0.131257102406E-005      0.408211805961E-005
      0.210571289062E+000     -0.245773546306E-007      0.131379850762E-005      0.415101055715E-005
      0.212097167969E+000     -0.273238567570E-007      0.131469467982E-005      0.422172973481E-005
      0.213623046875E+000     -0.301488007046E-007      0.131524797746E-005      0.429436282893E-005
      0.215148925781E+000     -0.330545318346E-007      0.131544629208E-005      0.436900279808E-005
      0.216674804688E+000     -0.360434614970E-007      0.131527693296E-005      0.444574880784E-005
      0.218200683594E+000     -0.391180680525E-007      0.131472658639E-005      0.452470676614E-005
      0.219726562500E+000     -0.422808979165E-007      0.131378127101E-005      0.460598991525E-005
      0.221252441406E+000     -0.455345666675E-007      0.131242628848E-005      0.468971948770E-005
      0.222778320313E+000     -0.488817602810E-007      0.131064616895E-005      0.477602543419E-005
      0.224304199219E+000     -0.523252365774E-007      0.130842461063E-005      0.486504723308E-005
      0.225830078125E+000     -0.558678270039E-007      0.130574441248E-005      0.495693479207E-005
      0.227355957031E+000     -0.595124389174E-007      0.130258739922E-005      0.505184945486E-005
      0.228881835938E+000     -0.632620585956E-007      0.129893433735E-005      0.514996512704E-005
      0.230407714844E+000     -0.671197552809E-007      0.129476484088E-005      0.525146953817E-005
      0.231933593750E+000     -0.710886866695E-007      0.129005726510E-005      0.535656565953E-005
      0.233459472656E+000     -0.751721063947E-007      0.128478858653E-005      0.546547330042E-005
      0.234985351562E+000     -0.793733742373E-007      0.127893426681E-005      0.557843090966E-005
      0.236511230469E+000     -0.836959700404E-007      0.127246809770E-005      0.569569761359E-005
      0.238037109375E+000     -0.881435126256E-007      0.126536202406E-005      0.581755552746E-005
      0.239562988281E+000     -0.927197854350E-007      0.125758594104E-005      0.594431238365E-005
      0.241088867188E+000     -0.974287711921E-007      0.124910746059E-005      0.607630452823E-005
      0.242614746094E+000     -0.102274698627E-006      0.123989164211E-005      0.621390034693E-005
      0.244140625000E+000     -0.107262105321E-006      0.122990068020E-005      0.635750419343E-005
      0.245666503906E+000     -0.112395922082E-006      0.121909354171E-005      0.650756090695E-005
      0.247192382812E+000     -0.117681586055E-006      0.120742554227E-005      0.666456102355E-005
      0.248718261719E+000     -0.123125192249E-006      0.119484785053E-005      0.682904680679E-005
      0.250244140625E+000     -0.128733701285E-006      0.118130690811E-005      0.700161924927E-005
      0.251770019531E+000     -0.134515192569E-006      0.116674373567E-005      0.718294622956E-005
      0.253295898438E+000     -0.140479254873E-006      0.115109313471E-005      0.737377204570E-005
      0.254821777344E+000     -0.146637457639E-006      0.113428272091E-005      0.757492860048E-005
      0.256347656250E+000     -0.153004010918E-006      0.111623178811E-005      0.778734856916E-005
      0.257873535156E+000     -0.159596648008E-006      0.109684995675E-005      0.801208095874E-005
      0.259399414062E+000     -0.166437816405E-006      0.107603556712E-005      0.825030956076E-005
      0.260925292969E+000     -0.173556286328E-006      0.105367377226E-005      0.850337491435E-005
      0.262451171875E+000     -0.180989336960E-006      0.102963427471E-005      0.877280054380E-005
      0.263977050781E+000     -0.188785727586E-006      0.100376865889E-005      0.906032440563E-005
      0.265502929688E+000     -0.197009757994E-006      0.975907265757E-006      0.936793670169E-005
      0.267028808594E+000     -0.205746835191E-006      0.945855579734E-006      0.969792547014E-005
      0.268554687500E+000     -0.215111135855E-006      0.913390137073E-006      0.100529316690E-004
      0.270080566406E+000     -0.225256195157E-006      0.878254051362E-006      0.104360158031E-004
      0.271606445312E+000     -0.236389594998E-006      0.840152417407E-006      0.108507384843E-004
      0.273132324219E+000     -0.248793407754E-006      0.798748163246E-006      0.113012575874E-004
      0.274658203125E+000     -0.262852725265E-006      0.753659481218E-006      0.117924447157E-004
      0.276184082031E+000     -0.279095522046E-006      0.704460977134E-006      0.123300232086E-004
      0.277709960938E+000     -0.298248305046E-006      0.650692471736E-006      0.129207283056E-004
      0.279235839844E+000     -0.321313450158E-006      0.591882564415E-006      0.135724861493E-004
      0.280761718750E+000     -0.349675542850E-006      0.527599646083E-006      0.142945998477E-004
      0.282287597656E+000     -0.385244533521E-006      0.457552733833E-006      0.150979137205E-004
      0.283813476562E+000     -0.430640694584E-006      0.381780994721E-006      0.159948936596E-004
      0.285339355469E+000     -0.489414384583E-006      0.300997894646E-006      0.169994993763E-004
      0.286865234375E+000     -0.566259179911E-006      0.217197206726E-006      0.181266127570E-004
      0.288391113281E+000     -0.667091850074E-006      0.134680874395E-006      0.193905993295E-004
      0.289916992188E+000     -0.798684442062E-006      0.617062222142E-007      0.208023038079E-004
      0.291442871094E+000     -0.967166836937E-006      0.128639599587E-007      0.223634904730E-004
      0.292968750000E+000     -0.117414962724E-005      0.118046045643E-007      0.240578070357E-004
      0.294494628906E+000     -0.140878813366E-005      0.924633063550E-007      0.258388492704E-004
      0.296020507813E+000     -0.163525770430E-005      0.294060781997E-006      0.276207559382E-004
      0.297546386719E+000     -0.178071227370E-005      0.642670199561E-006      0.292854060777E-004
      0.299072265625E+000     -0.173911100950E-005      0.111736483002E-005      0.307234914909E-004
      0.300598144531E+000     -0.140831765626E-005      0.161894747512E-005      0.319011187311E-004
      0.302124023438E+000     -0.751668630825E-006      0.197588971322E-005      0.328888175214E-004
      0.303649902344E+000      0.158022971226E-006      0.199783102165E-005      0.337869907570E-004
      0.305175781250E+000      0.113918345530E-005      0.154446591614E-005      0.345955919254E-004
      0.306701660156E+000      0.193604550418E-005      0.583462397183E-006      0.351667303867E-004
      0.308227539063E+000      0.228410821461E-005     -0.766148364012E-006      0.352927060359E-004
      0.309753417969E+000      0.201289907178E-005     -0.223549099197E-005      0.348478811467E-004
      0.311279296875E+000      0.113553378732E-005     -0.349369874912E-005      0.338801900887E-004
      0.312805175781E+000     -0.156342706721E-006     -0.428040676216E-005      0.325970121739E-004
      0.314331054688E+000     -0.158277677299E-005     -0.448300628105E-005      0.312518131367E-004
      0.315856933594E+000     -0.286546239828E-005     -0.413589466733E-005      0.299938252504E-004
      0.317382812500E+000     -0.378511107988E-005     -0.339329459598E-005      0.287850028987E-004
      0.318908691406E+000     -0.423167821046E-005     -0.249127878894E-005      0.274640557284E-004
      0.320434570312E+000     -0.423765510478E-005     -0.167376264407E-005      0.259013706593E-004
      0.321960449219E+000     -0.394810441741E-005     -0.110350731689E-005      0.240958025938E-004
      0.323486328125E+000     -0.353610615697E-005     -0.825281258012E-006      0.221507679765E-004
      0.325012207031E+000     -0.313190657673E-005     -0.798542594320E-006      0.201954254673E-004
      0.326538085938E+000     -0.280378902213E-005     -0.952492573272E-006      0.183290678745E-004
      0.328063964844E+000     -0.257356149360E-005     -0.122250036216E-005      0.166068321771E-004
      0.329589843750E+000     -0.243848525668E-005     -0.156250657971E-005      0.150484605442E-004
      0.331115722656E+000     -0.238670156667E-005     -0.194419641740E-005      0.136519999623E-004
      0.332641601562E+000     -0.240522655983E-005     -0.235220100802E-005      0.124046311179E-004
      0.334167480469E+000     -0.248319946542E-005     -0.277951235891E-005      0.112893893840E-004
      0.335693359375E+000     -0.261278205217E-005     -0.322419952323E-005      0.102887692292E-004
      0.337219238281E+000     -0.278910906944E-005     -0.368733417787E-005      0.938641212139E-005
      0.338745117188E+000     -0.300996308369E-005     -0.417177203747E-005      0.856774390653E-005
      0.340270996094E+000     -0.327545624597E-005     -0.468147634922E-005      0.782008424415E-005
      0.341796875000E+000     -0.358782190339E-005     -0.522116582448E-005      0.713251580899E-005
      0.343322753906E+000     -0.395134720858E-005     -0.579614927858E-005      0.649566201343E-005
      0.344848632812E+000     -0.437245587415E-005     -0.641226183842E-005      0.590144583368E-005
      0.346374511719E+000     -0.485995006053E-005     -0.707584759224E-005      0.534286277468E-005
      0.347900390625E+000     -0.542543008421E-005     -0.779374698195E-005      0.481378184432E-005
      0.349426269531E+000     -0.608392574969E-005     -0.857324751841E-005      0.430878075485E-005
      0.350952148438E+000     -0.685479249223E-005     -0.942194369777E-005      0.382302155614E-005
      0.352478027344E+000     -0.776294903111E-005     -0.103474227542E-004      0.335218089107E-005
      0.354003906250E+000     -0.884055987553E-005     -0.113566387311E-004      0.289247188429E-005
      0.355529785156E+000     -0.101292912225E-004     -0.124547427889E-004      0.244085614319E-005
      0.357055664063E+000     -0.116832775069E-004     -0.136429774574E-004      0.199572727476E-005
      0.358581542969E+000     -0.135728917433E-004     -0.149149763165E-004      0.155897802443E-005
      0.360107421875E+000     -0.158892253796E-004     -0.162503881445E-004      0.114294430643E-005
      0.361633300781E+000     -0.187486601646E-004     -0.176041241523E-004      0.797138359398E-006
      0.363159179688E+000     -0.222956649635E-004     -0.188887732634E-004      0.679881276183E-006
      0.364685058594E+000     -0.266993029017E-004     -0.199472899753E-004      0.922141659249E-006
      0.366210937500E+000     -0.321340858383E-004     -0.205144225034E-004      0.137010355010E-005
      0.367736816406E+000     -0.387290344023E-004     -0.201721312198E-004      0.190252988013E-005
      0.369262695313E+000     -0.464653673395E-004     -0.183222740868E-004      0.247512850674E-005
      0.370788574219E+000     -0.550201185504E-004     -0.142302558913E-004      0.306265097507E-005
      0.372314453125E+000     -0.636147920596E-004     -0.720987508654E-005      0.364302961533E-005
      0.373840332031E+000     -0.710163662308E-004      0.304815945136E-005      0.419833921806E-005
      0.375366210938E+000     -0.758180776704E-004      0.161777510441E-004      0.472050553033E-005
      0.376892089844E+000     -0.768894707262E-004      0.311238933830E-004      0.521303836025E-005
      0.378417968750E+000     -0.736899101847E-004      0.464299895708E-004      0.568568815211E-005
      0.379943847656E+000     -0.663203857803E-004      0.605759696780E-004      0.614724007253E-005
      0.381469726562E+000     -0.554524618407E-004      0.722175543167E-004      0.660053645679E-005
      0.382995605469E+000     -0.422302682188E-004      0.803902715628E-004      0.704013496887E-005
      0.384521484375E+000     -0.280708027824E-004      0.847172896310E-004      0.745616000076E-005
      0.386047363281E+000     -0.143105336973E-004      0.854833114479E-004      0.784481820217E-005
      0.387573242188E+000     -0.186744649424E-005      0.834373516169E-004      0.821669438629E-005
      0.389099121094E+000      0.885515981189E-005      0.794399341385E-004      0.859609747880E-005
      0.390625000000E+000      0.178227475445E-004      0.741987805276E-004      0.901427467702E-005
      0.392150878906E+000      0.251525315015E-004      0.681988661131E-004      0.950156533767E-005
      0.393676757812E+000      0.309672446337E-004      0.617764012308E-004      0.100796453920E-004
      0.395202636719E+000      0.353752955406E-004      0.552362547212E-004      0.107526097457E-004
      0.396728515625E+000      0.385660147588E-004      0.489031027718E-004      0.114977147378E-004
      0.398254394531E+000      0.409148733043E-004      0.430122724319E-004      0.122611426157E-004
      0.399780273438E+000      0.429026788808E-004      0.374843562158E-004      0.129643205748E-004
      0.401306152344E+000      0.447737226136E-004      0.318562800526E-004      0.135179913388E-004
      0.402832031250E+000      0.462181484877E-004      0.256128931066E-004      0.138362767890E-004
      0.404357910156E+000      0.465022185282E-004      0.187276204256E-004      0.138518513280E-004
      0.405883789062E+000      0.450642960038E-004      0.118676103984E-004      0.135367425545E-004
      0.407409667969E+000      0.420360371029E-004      0.597166133982E-005      0.129179896928E-004
      0.408935546875E+000      0.381564428677E-004      0.159181437530E-005      0.120729613401E-004
      0.410461425781E+000      0.342192959306E-004     -0.135641838046E-005      0.111101363030E-004
      0.411987304688E+000      0.306455810019E-004     -0.331577057606E-005      0.101500922568E-004
      0.413513183594E+000      0.274790959112E-004     -0.469107574568E-005      0.930619675347E-005
      0.415039062500E+000      0.246176726212E-004     -0.568575960531E-005      0.866166323569E-005
      0.416564941406E+000      0.219877919781E-004     -0.636268119871E-005      0.825381575172E-005
      0.418090820313E+000      0.195773535971E-004     -0.674897733130E-005      0.807675141649E-005
      0.419616699219E+000      0.174012033673E-004     -0.688508393267E-005      0.809837140455E-005
      0.421142578125E+000      0.154701433083E-004     -0.682614229516E-005      0.827905233743E-005
      0.422668457031E+000      0.137805044647E-004     -0.662942332964E-005      0.858351885761E-005
      0.424194335938E+000      0.123161322247E-004     -0.634493780854E-005      0.898524002173E-005
      0.425720214844E+000      0.110537947547E-004     -0.601192255420E-005      0.946637550421E-005
      0.427246093750E+000      0.996784984052E-005     -0.565908357958E-005      0.100160952361E-004
      0.428771972656E+000      0.903320760584E-005     -0.530639385966E-005      0.106287646303E-004
      0.430297851563E+000      0.822685084632E-005     -0.496717765894E-005      0.113025094103E-004
      0.431823730469E+000      0.752841163973E-005     -0.464994297132E-005      0.120382213336E-004
      0.433349609375E+000      0.692021298951E-005     -0.435981218587E-005      0.128389216823E-004
      0.434875488281E+000      0.638704400286E-005     -0.409956540628E-005      0.137093802948E-004
      0.436401367188E+000      0.591582615904E-005     -0.387036187517E-005      0.146559059422E-004
      0.437927246094E+000      0.549525719622E-005     -0.367220775416E-005      0.156862441522E-004
      0.439453125000E+000      0.511547929729E-005     -0.350422330555E-005      0.168095311707E-004
      0.440979003906E+000      0.476780108536E-005     -0.336474443108E-005      0.180362543514E-004
      0.442504882812E+000      0.444450187403E-005     -0.325127520644E-005      0.193781575306E-004
      0.444030761719E+000      0.413876216303E-005     -0.316029577025E-005      0.208479998339E-004
      0.445556640625E+000      0.384479884774E-005     -0.308692619008E-005      0.224590187204E-004
      0.447082519531E+000      0.355834524790E-005     -0.302446789060E-005      0.242238469481E-004
      0.448608398438E+000      0.327771115851E-005     -0.296392105767E-005      0.261524655519E-004
      0.450134277344E+000      0.300577603458E-005     -0.289377943127E-005      0.282485154785E-004
      0.451660156250E+000      0.275332676545E-005     -0.280086033921E-005      0.305029368865E-004
      0.453186035156E+000      0.254385699680E-005     -0.267380261570E-005      0.328835578520E-004
      0.454711914062E+000      0.241853685461E-005     -0.251212316288E-005      0.353193027854E-004
      0.456237792969E+000      0.243617963854E-005     -0.234424384061E-005      0.376790758510E-004
      0.457763671875E+000      0.265610922228E-005     -0.225362707881E-005      0.397494334831E-004
      0.459289550781E+000      0.308801921909E-005     -0.239597166692E-005      0.412216063693E-004
      0.460815429688E+000      0.361293766873E-005     -0.296456602450E-005      0.417015551934E-004
      0.462341308594E+000      0.393954292983E-005     -0.406553470189E-005      0.407502245392E-004
      0.463867187500E+000      0.370191137955E-005     -0.555772807283E-005      0.379614751632E-004
      0.465393066406E+000      0.270362866405E-005     -0.703083037116E-005      0.331200000489E-004
      0.466918945312E+000      0.110577857233E-005     -0.803323611519E-005      0.265126341156E-004
      0.468444824219E+000     -0.675360851785E-006     -0.838575634341E-005      0.194981779256E-004
      0.469970703125E+000     -0.230286154925E-005     -0.825437815011E-005      0.154746318921E-004
      0.471496582031E+000     -0.373423215903E-005     -0.789815300357E-005      0.177906178993E-004
      0.473022460938E+000     -0.510072717812E-005     -0.739102805544E-005      0.236145577625E-004
      0.474548339844E+000     -0.643926969996E-005     -0.661895640894E-005      0.293966404448E-004
      0.476074218750E+000     -0.759949546159E-005     -0.549465148312E-005      0.338850280574E-004
      0.477600097656E+000     -0.838329174362E-005     -0.410485448695E-005      0.368814998220E-004
      0.479125976563E+000     -0.870821298934E-005     -0.265725051981E-005      0.385709233081E-004
      0.480651855469E+000     -0.863471807740E-005     -0.134476472588E-005      0.392562938236E-004
      0.482177734375E+000     -0.829333306888E-005     -0.271096227507E-006      0.392387953926E-004
      0.483703613281E+000     -0.781172382752E-005      0.543600387049E-006      0.387665409729E-004
      0.485229492188E+000     -0.728260788409E-005      0.112632273704E-005      0.380227424835E-004
      0.486755371094E+000     -0.676206609742E-005      0.152030432946E-005      0.371333859853E-004
      0.488281250000E+000     -0.627913999910E-005      0.176819605496E-005      0.361809396137E-004
      0.489807128906E+000     -0.584601820776E-005      0.190563455293E-005      0.352173557683E-004
      0.491333007813E+000     -0.546549102049E-005      0.196014417966E-005      0.342741761991E-004
      0.492858886719E+000     -0.513561584116E-005      0.195213169767E-005      0.333696797471E-004
      0.494384765625E+000     -0.485238649491E-005      0.189639943060E-005      0.325136941762E-004
      0.495910644531E+000     -0.461116215332E-005      0.180355770661E-005      0.317107490889E-004
      0.497436523438E+000     -0.440738210094E-005      0.168115768848E-005      0.309621121455E-004
      0.498962402344E+000     -0.423688902721E-005      0.153454152280E-005      0.302670924543E-004
      0.500488281250E+000     -0.409604697481E-005      0.136745931273E-005      0.296238700270E-004
      0.502014160156E+000     -0.398175692382E-005      0.118250968073E-005      0.290300203849E-004
      0.503540039062E+000     -0.389142540325E-005      0.981452133713E-006      0.284828435467E-004
      0.505065917969E+000     -0.382291505699E-005      0.765428087834E-006      0.279795675788E-004
      0.506591796875E+000     -0.377449170603E-005      0.535117359396E-006      0.275174717651E-004
      0.508117675781E+000     -0.374477478975E-005      0.290849177931E-006      0.270939583716E-004
      0.509643554688E+000     -0.373269393019E-005      0.326810415178E-007      0.267065916849E-004
      0.511169433594E+000     -0.373745269275E-005     -0.239545386055E-006      0.263531164040E-004
      0.512695312500E+000     -0.375849929247E-005     -0.526164566340E-006      0.260314631922E-004
      0.514221191406E+000     -0.379550373596E-005     -0.827659260942E-006      0.257397464641E-004
      0.515747070313E+000     -0.384834087617E-005     -0.114464130458E-005      0.254762576842E-004
      0.517272949219E+000     -0.391707877616E-005     -0.147783871785E-005      0.252394562936E-004
      0.518798828125E+000     -0.400197191797E-005     -0.182808758414E-005      0.250279596227E-004
      0.520324707031E+000     -0.410345887029E-005     -0.219632737506E-005      0.248405326329E-004
      0.521850585938E+000     -0.422216432252E-005     -0.258359930627E-005      0.246760780507E-004
      0.523376464844E+000     -0.435890523053E-005     -0.299104650299E-005      0.245336272188E-004
      0.524902343750E+000     -0.451470129654E-005     -0.341991598679E-005      0.244123318360E-004
      0.526428222656E+000     -0.469078993513E-005     -0.387156187065E-005      0.243114567205E-004
      0.527954101562E+000     -0.488864608643E-005     -0.434744945769E-005      0.242303736582E-004
      0.529479980469E+000     -0.511000741183E-005     -0.484915992215E-005      0.241685563876E-004
      0.531005859375E+000     -0.535690559663E-005     -0.537839519924E-005      0.241255767504E-004
      0.532531738281E+000     -0.563170469093E-005     -0.593698264212E-005      0.241011020536E-004
      0.534057617188E+000     -0.593714767634E-005     -0.652687888209E-005      0.240948937035E-004
      0.535583496094E+000     -0.627641274983E-005     -0.715017213625E-005      0.241068072001E-004
      0.537109375000E+000     -0.665318117022E-005     -0.780908192410E-005      0.241367935975E-004
      0.538635253906E+000     -0.707171901634E-005     -0.850595479168E-005      0.241849026939E-004
      0.540161132812E+000     -0.753697553204E-005     -0.924325397483E-005      0.242512879597E-004
      0.541687011719E+000     -0.805470172337E-005     -0.100235402975E-004      0.243362138095E-004
      0.543212890625E+000     -0.863159325588E-005     -0.108494403201E-004      0.244400654107E-004
      0.544738769531E+000     -0.927546281311E-005     -0.117235962357E-004      0.245633616622E-004
      0.546264648438E+000     -0.999544798573E-005     -0.126485897211E-004      0.247067720405E-004
      0.547790527344E+000     -0.108022618275E-004     -0.136268287233E-004      0.248711382554E-004
      0.549316406250E+000     -0.117084942112E-004     -0.146603815613E-004      0.250575019478E-004
      0.550842285156E+000     -0.127289728013E-004     -0.157507361468E-004      0.252671400508E-004
      0.552368164062E+000     -0.138811923300E-004     -0.168984527293E-004      0.255016099436E-004
      0.553894042969E+000     -0.151858189695E-004     -0.181026651600E-004      0.257628071903E-004
      0.555419921875E+000     -0.166672711667E-004     -0.193603666132E-004      0.260530395227E-004
      0.556945800781E+000     -0.183543661963E-004     -0.206653889010E-004      0.263751218344E-004
      0.558471679688E+000     -0.202809971008E-004     -0.220069474367E-004      0.267324982606E-004
      0.559997558594E+000     -0.224867575026E-004     -0.233675743725E-004      0.271293989435E-004
      0.561523437500E+000     -0.250173442972E-004     -0.247202002921E-004      0.275710404911E-004
      0.563049316406E+000     -0.279244103912E-004     -0.260240769124E-004      0.280638797430E-004
      0.564575195312E+000     -0.312642625336E-004     -0.272191848943E-004      0.286159285921E-004
      0.566101074219E+000     -0.350943296950E-004     -0.282188116253E-004      0.292371295966E-004
      0.567626953125E+000     -0.394655744807E-004     -0.289002812902E-004      0.299397702996E-004
      0.569152832031E+000     -0.444079319260E-004     -0.290947385028E-004      0.307388639578E-004
      0.570678710938E+000     -0.499046163035E-004     -0.285791440431E-004      0.316523181078E-004
      0.572204589844E+000     -0.558507277230E-004     -0.270783889640E-004      0.327005133908E-004
      0.573730468750E+000     -0.619949958456E-004     -0.242937889950E-004      0.339045849506E-004
      0.575256347656E+000     -0.678774280473E-004     -0.199846129329E-004      0.352822908500E-004
      0.576782226563E+000     -0.728093886565E-004     -0.141299857114E-004      0.368401962925E-004
      0.578308105469E+000     -0.759931279867E-004     -0.715698258187E-005      0.385618574957E-004
      0.579833984375E+000     -0.768875807798E-004     -0.971781925961E-007      0.403947716260E-004
      0.581359863281E+000     -0.757625997034E-004      0.561968984113E-005      0.422431496136E-004
      0.582885742188E+000     -0.740112832078E-004      0.893603760641E-005      0.439742496264E-004
      0.584411621094E+000     -0.736296688028E-004      0.101249224471E-004      0.454399699192E-004
      0.585937500000E+000     -0.759046238485E-004      0.109955915880E-004      0.465099704865E-004
      0.587463378906E+000     -0.803495477341E-004      0.138334537089E-004      0.471118946569E-004
      0.588989257812E+000     -0.849611173149E-004      0.198409493196E-004      0.472651370793E-004
      0.590515136719E+000     -0.876051358861E-004      0.284650732491E-004      0.470820474845E-004
      0.592041015625E+000     -0.872300439292E-004      0.380568475074E-004      0.467267073149E-004
      0.593566894531E+000     -0.840344051123E-004      0.469923361900E-004      0.463581583382E-004
      0.595092773438E+000     -0.788974898360E-004      0.543094569849E-004      0.460933842965E-004
      0.596618652344E+000     -0.727810110171E-004      0.597256443208E-004      0.460001429373E-004
      0.598144531250E+000     -0.664263527941E-004      0.633811081644E-004      0.461079083846E-004
      0.599670410156E+000     -0.602995529999E-004      0.655906069847E-004      0.464229119398E-004
      0.601196289063E+000     -0.546462199283E-004      0.666930524733E-004      0.469401728202E-004
      0.602722167969E+000     -0.495666684956E-004      0.669846992810E-004      0.476511199184E-004
      0.604248046875E+000     -0.450766996002E-004      0.667004483629E-004      0.485477553787E-004
      0.605773925781E+000     -0.411482495926E-004      0.660168427029E-004      0.496246656170E-004
      0.607299804688E+000     -0.377338891962E-004      0.650623546051E-004      0.508798718040E-004
      0.608825683594E+000     -0.347805362378E-004      0.639284913403E-004      0.523151358911E-004
      0.610351562500E+000     -0.322366053030E-004      0.626793627322E-004      0.539360675349E-004
      0.611877441406E+000     -0.300553942017E-004      0.613591888343E-004      0.557522140846E-004
      0.613403320312E+000     -0.281964179842E-004      0.599979287191E-004      0.577772292075E-004
      0.614929199219E+000     -0.266256833764E-004      0.586154046557E-004      0.600291715416E-004
      0.616455078125E+000     -0.253154614651E-004      0.572242976299E-004      0.625309668249E-004
      0.617980957031E+000     -0.242438603415E-004      0.558323270465E-004      0.653110605276E-004
      0.619506835938E+000     -0.233943525693E-004      0.544438561446E-004      0.684042868649E-004
      0.621032714844E+000     -0.227553282613E-004      0.530611005118E-004      0.718529773369E-004
      0.622558593750E+000     -0.223196952133E-004      0.516850661456E-004      0.757083231242E-004
      0.624084472656E+000     -0.220845188832E-004      0.503162910818E-004      0.800319727909E-004
      0.625610351562E+000     -0.220506810006E-004      0.489554150707E-004      0.848977764041E-004
      0.627136230469E+000     -0.222225458545E-004      0.476035283363E-004      0.903934281933E-004
      0.628662109375E+000     -0.226076884799E-004      0.462621494327E-004      0.966214398452E-004
      0.630187988281E+000     -0.232169351213E-004      0.449325556813E-004      0.103698257438E-003
      0.631713867188E+000     -0.240654400188E-004      0.436141253409E-004      0.111749209970E-003
      0.633239746094E+000     -0.251764726834E-004      0.423016796788E-004      0.120895117093E-003
      0.634765625000E+000     -0.265909990354E-004      0.409834283076E-004      0.131223825492E-003
      0.636291503906E+000     -0.283867421544E-004      0.396456657809E-004      0.142737877289E-003
      0.637817382813E+000     -0.307054691323E-004      0.382987514529E-004      0.155272059528E-003
      0.639343261719E+000     -0.337679078216E-004      0.370446237335E-004      0.168390080202E-003
      0.640869140625E+000     -0.378216091002E-004      0.361851100423E-004      0.181305413948E-003
      0.642395019531E+000     -0.429597806970E-004      0.362960733681E-004      0.192913782001E-003
      0.643920898438E+000     -0.488488324610E-004      0.381115332391E-004      0.202014715384E-003
      0.645446777344E+000     -0.545933724957E-004      0.421318717921E-004      0.207662494368E-003
      0.646972656250E+000     -0.590138912617E-004      0.481655671146E-004      0.209391905396E-003
      0.648498535156E+000     -0.612792870207E-004      0.552578660732E-004      0.207132228033E-003
      0.650024414062E+000     -0.613681765696E-004      0.621992308573E-004      0.201031988602E-003
      0.651550292969E+000     -0.599174855466E-004      0.681701808559E-004      0.191518197228E-003
      0.653076171875E+000     -0.576961291359E-004      0.729451617559E-004      0.179442314325E-003
      0.654602050781E+000     -0.552534070966E-004      0.766606349004E-004      0.165971666930E-003
      0.656127929688E+000     -0.528989810580E-004      0.795420655963E-004      0.152263745966E-003
      0.657653808594E+000     -0.508119291702E-004      0.817953451843E-004      0.139201614714E-003
      0.659179687500E+000     -0.491146022266E-004      0.836081554904E-004      0.127322526467E-003
      0.660705566406E+000     -0.478937265831E-004      0.851711694624E-004      0.116883588851E-003
      0.662231445313E+000     -0.471995275427E-004      0.866898075938E-004      0.107966287931E-003
      0.663757324219E+000     -0.470382819803E-004      0.883904729923E-004      0.100562251332E-003
      0.665283203125E+000     -0.473563971636E-004      0.905254115361E-004      0.946228044792E-004
      0.666809082031E+000     -0.480091357860E-004      0.933703115843E-004      0.900722998110E-004
      0.668334960938E+000     -0.487120346648E-004      0.971972498402E-004      0.867886098531E-004
      0.669860839844E+000     -0.489906413753E-004      0.102196360888E-003      0.845561500156E-004
      0.671386718750E+000     -0.481782826566E-004      0.108327540171E-003      0.830064697414E-004
      0.672912597656E+000     -0.455432099042E-004      0.115135571064E-003      0.815816728132E-004
      0.674438476562E+000     -0.405945111251E-004      0.121656133829E-003      0.795772899307E-004
      0.675964355469E+000     -0.334757440907E-004      0.126586748099E-003      0.763195004165E-004
      0.677490234375E+000     -0.251916658341E-004      0.128781265618E-003      0.714780254641E-004
      0.679016113281E+000     -0.174018514823E-004      0.127874817567E-003      0.654055272980E-004
      0.680541992188E+000     -0.117439891054E-004      0.124638850780E-003      0.592787703301E-004
      0.682067871094E+000     -0.902316084806E-005      0.120722460341E-003      0.547580869537E-004
      0.683593750000E+000     -0.882339944016E-005      0.117835305156E-003      0.530259757344E-004
      0.685119628906E+000     -0.986363045873E-005      0.116910223751E-003      0.538747405827E-004
      0.686645507812E+000     -0.108134847192E-004      0.117850762986E-003      0.560245818726E-004
      0.688171386719E+000     -0.109117425766E-004      0.119934954784E-003      0.582194274069E-004
      0.689697265625E+000     -0.100385253888E-004      0.122395790260E-003      0.597848751579E-004
      0.691223144531E+000     -0.843707691694E-005      0.124742628218E-003      0.605495297861E-004
      0.692749023438E+000     -0.642819774788E-005      0.126781540108E-003      0.606007274123E-004
      0.694274902344E+000     -0.426564489267E-005      0.128505551731E-003      0.601081993755E-004
      0.695800781250E+000     -0.210614503908E-005      0.129988320600E-003      0.592386579033E-004
      0.697326660156E+000     -0.286293117741E-007      0.131321263325E-003      0.581266990985E-004
      0.698852539063E+000      0.193790687848E-005      0.132586407584E-003      0.568714897116E-004
      0.700378417969E+000      0.379251777159E-005      0.133848809475E-003      0.555424306991E-004
      0.701904296875E+000      0.554832910877E-005      0.135157283424E-003      0.541864672729E-004
      0.703430175781E+000      0.722456581515E-005      0.136547713248E-003      0.528344770115E-004
      0.704956054688E+000      0.884238215092E-005      0.138046565703E-003      0.515061660890E-004
      0.706481933594E+000      0.104228871542E-004      0.139673826005E-003      0.502136027165E-004
      0.708007812500E+000      0.119863685482E-004      0.141445233262E-003      0.489636906187E-004
      0.709533691406E+000      0.135521427833E-004      0.143373913005E-003      0.477598729949E-004
      0.711059570312E+000      0.151387191513E-004      0.145471550517E-003      0.466032964460E-004
      0.712585449219E+000      0.167641152836E-004      0.147749234740E-003      0.454936022686E-004
      0.714111328125E+000      0.184462442689E-004      0.150218074054E-003      0.444294626380E-004
      0.715637207031E+000      0.202033389265E-004      0.152889658004E-003      0.434089426166E-004
      0.717163085938E+000      0.220544035385E-004      0.155776417421E-003      0.424297432117E-004
      0.718688964844E+000      0.240196969838E-004      0.158891919314E-003      0.414893630063E-004
      0.720214843750E+000      0.261212605429E-004      0.162251121324E-003      0.405852039348E-004
      0.721740722656E+000      0.283835084921E-004      0.165870601960E-003      0.397146384606E-004
      0.723266601563E+000      0.308339066455E-004      0.169768776270E-003      0.388750500140E-004
      0.724792480469E+000      0.335037695478E-004      0.173966100855E-003      0.380638546827E-004
      0.726318359375E+000      0.364292152380E-004      0.178485266341E-003      0.372785095973E-004
      0.727844238281E+000      0.396523268242E-004      0.183351368423E-003      0.365165116809E-004
      0.729370117188E+000      0.432225838502E-004      0.188592039185E-003      0.357753892167E-004
      0.730895996094E+000      0.471986446562E-004      0.194237506546E-003      0.350526879186E-004
      0.732421875000E+000      0.516505849565E-004      0.200320528656E-003      0.343459523275E-004
      0.733947753906E+000      0.566627294108E-004      0.206876117738E-003      0.336527041746E-004
      0.735473632812E+000      0.623372532759E-004      0.213940916532E-003      0.329704175335E-004
      0.736999511719E+000      0.687987827626E-004      0.221552009946E-003      0.322964931236E-004
      0.738525390625E+000      0.762002804405E-004      0.229744827756E-003      0.316282333277E-004
      0.740051269531E+000      0.847305695387E-004      0.238549589044E-003      0.309628227959E-004
      0.741577148438E+000      0.946238973469E-004      0.247985418653E-003      0.302973227130E-004
      0.743103027344E+000      0.106171933587E-003      0.258050750887E-003      0.296286925210E-004
      0.744628906250E+000      0.119738433582E-003      0.268707837783E-003      0.289538646297E-004
      0.746154785156E+000      0.135776260085E-003      0.279857957048E-003      0.282699143172E-004
      0.747680664062E+000      0.154845104035E-003      0.291302153004E-003      0.275743925646E-004
      0.749206542969E+000      0.177625212593E-003      0.302680075466E-003      0.268659219763E-004
      0.750732421875E+000      0.204916190406E-003      0.313377359438E-003      0.261451805956E-004
      0.752258300781E+000      0.237598232499E-003      0.322392363236E-003      0.254163596289E-004
      0.753784179688E+000      0.276514103541E-003      0.328162292961E-003      0.246889473154E-004
      0.755310058594E+000      0.322207154826E-003      0.328379728966E-003      0.239789947614E-004
      0.756835937500E+000      0.374444936465E-003      0.319900854226E-003      0.233076212331E-004
      0.758361816406E+000      0.431525347169E-003      0.298954470076E-003      0.226929891013E-004
      0.759887695313E+000      0.489575385258E-003      0.261923034546E-003      0.221333210446E-004
      0.761413574219E+000      0.542369092567E-003      0.206780727497E-003      0.215876029221E-004
      0.762939453125E+000      0.582272553242E-003      0.134717841788E-003      0.209748117314E-004
      0.764465332031E+000      0.602363271079E-003      0.509445104654E-004      0.202113934927E-004
      0.765991210938E+000      0.598842422871E-003     -0.361283763154E-004      0.192736440241E-004
      0.767517089844E+000      0.572465143943E-003     -0.117178933589E-003      0.182347283037E-004
      0.769042968750E+000      0.528206012983E-003     -0.184685252931E-003      0.172362330061E-004
      0.770568847656E+000      0.473350860901E-003     -0.234748791447E-003      0.164117530948E-004
      0.772094726562E+000      0.415095489585E-003     -0.267268142185E-003      0.158238048661E-004
      0.773620605469E+000      0.358866269170E-003     -0.284762100766E-003      0.154562674342E-004
      0.775146484375E+000      0.307836591516E-003     -0.290814675182E-003      0.152495626513E-004
      0.776672363281E+000      0.263302084868E-003     -0.288919512099E-003      0.151397773720E-004
      0.778198242188E+000      0.225343443881E-003     -0.281926654813E-003      0.150797600827E-004
      0.779724121094E+000      0.193408763925E-003     -0.271928474997E-003      0.150434970540E-004
      0.781250000000E+000      0.166701227648E-003     -0.260358549876E-003      0.150227121104E-004
      0.782775878906E+000      0.144394187294E-003     -0.248151053607E-003      0.150220033203E-004
      0.784301757813E+000      0.125731567803E-003     -0.235889281735E-003      0.150549811690E-004
      0.785827636719E+000      0.110063475601E-003     -0.223921143905E-003      0.151417645220E-004
      0.787353515625E+000      0.968495665071E-004     -0.212441421797E-003      0.153074476126E-004
      0.788879394531E+000      0.856485728803E-004     -0.201547573336E-003      0.155810611420E-004
      0.790405273438E+000      0.761034017405E-004     -0.191276521659E-003      0.159946545755E-004
      0.791931152344E+000      0.679261618577E-004     -0.181628467114E-003      0.165823255096E-004
      0.793457031250E+000      0.608848645021E-004     -0.172582109280E-003      0.173792254316E-004
      0.794982910156E+000      0.547922964725E-004     -0.164104260773E-003      0.184207304026E-004
      0.796508789062E+000      0.494969947513E-004     -0.156155853278E-003      0.197420216673E-004
      0.798034667969E+000      0.448760600844E-004     -0.148695624374E-003      0.213781791882E-004
      0.799560546875E+000      0.408294908013E-004     -0.141682330445E-003      0.233646048619E-004
      0.801086425781E+000      0.372757406907E-004     -0.135076028573E-003      0.257371938583E-004
      0.802612304688E+000      0.341482449681E-004     -0.128838780456E-003      0.285311728746E-004
      0.804138183594E+000      0.313926996434E-004     -0.122935007781E-003      0.317768311609E-004
      0.805664062500E+000      0.289649113423E-004     -0.117331644310E-003      0.354894124200E-004
      0.807189941406E+000      0.268290556845E-004     -0.111998159461E-003      0.396496061102E-004
      0.808715820312E+000      0.249562083700E-004     -0.106906444325E-003      0.441723117789E-004
      0.810241699219E+000      0.233230985742E-004     -0.102030442989E-003      0.488696453867E-004
      0.811767578125E+000      0.219112694452E-004     -0.973453618117E-004      0.534356252640E-004
      0.813293457031E+000      0.207071669263E-004     -0.928265661856E-004      0.575054252851E-004
      0.814819335938E+000      0.197035630933E-004     -0.884490316868E-004      0.608209621246E-004
      0.816345214844E+000      0.189015441490E-004     -0.841885580695E-004      0.634215673166E-004
      0.817871093750E+000      0.183112948017E-004     -0.800245700145E-004      0.656871840403E-004
      0.819396972656E+000      0.179511970009E-004     -0.759427429138E-004      0.681788045500E-004
      0.820922851563E+000      0.178466550887E-004     -0.719366395204E-004      0.714212852689E-004
      0.822448730469E+000      0.180295993393E-004     -0.680094758929E-004      0.757808824194E-004
      0.823974609375E+000      0.185378923957E-004     -0.641773218080E-004      0.814553657986E-004
      0.825500488281E+000      0.194129022108E-004     -0.604739499946E-004      0.885145925948E-004
      0.827026367188E+000      0.206932767342E-004     -0.569561785009E-004      0.969352748550E-004
      0.828552246094E+000      0.224033560092E-004     -0.537065983285E-004      0.106604498877E-003
      0.830078125000E+000      0.245371838078E-004     -0.508278070506E-004      0.117288465510E-003
      0.831604003906E+000      0.270464972789E-004     -0.484212771383E-004      0.128577850653E-003
      0.833129882812E+000      0.298529060898E-004     -0.465534994013E-004      0.139843685994E-003
      0.834655761719E+000      0.329040779538E-004     -0.452428840138E-004      0.150275705153E-003
      0.836181640625E+000      0.362415702281E-004     -0.445336866429E-004      0.159102129757E-003
      0.837707519531E+000      0.399451055936E-004     -0.446641995026E-004      0.166015912949E-003
      0.839233398438E+000      0.438419163087E-004     -0.461226307740E-004      0.171571475765E-003
      0.840759277344E+000      0.472207937796E-004     -0.493024867697E-004      0.177045263275E-003
      0.842285156250E+000      0.490562875370E-004     -0.539465014945E-004      0.183526249356E-003
      0.843811035156E+000      0.487065177561E-004     -0.590664342015E-004      0.190948759861E-003
      0.845336914063E+000      0.463382710254E-004     -0.635222214729E-004      0.198130941179E-003
      0.846862792969E+000      0.426898139634E-004     -0.666224315132E-004      0.203725000484E-003
      0.848388671875E+000      0.385696924584E-004     -0.682513455147E-004      0.207013899987E-003
      0.849914550781E+000      0.345501290067E-004     -0.686503693194E-004      0.208019077669E-003
      0.851440429688E+000      0.309236158519E-004     -0.681667442033E-004      0.207197293108E-003
      0.852966308594E+000      0.277844487010E-004     -0.671110953249E-004      0.205122636409E-003
      0.854492187500E+000      0.251210069352E-004     -0.657132000270E-004      0.202306729114E-003
      0.856018066406E+000      0.228783611742E-004     -0.641267443511E-004      0.199138921804E-003
      0.857543945312E+000      0.209914901434E-004     -0.624485676812E-004      0.195889228858E-003
      0.859069824219E+000      0.193997790411E-004     -0.607372928933E-004      0.192733058974E-003
      0.860595703125E+000      0.180518251522E-004     -0.590272127205E-004      0.189778003148E-003
      0.862121582031E+000      0.169059310358E-004     -0.573375725181E-004      0.187085811776E-003
      0.863647460938E+000      0.159289956485E-004     -0.556784563400E-004      0.184688476035E-003
      0.865173339844E+000      0.150950152747E-004     -0.540544239390E-004      0.182599322110E-003
      0.866699218750E+000      0.143836709255E-004     -0.524667330855E-004      0.180820410949E-003
      0.868225097656E+000      0.137791500506E-004     -0.509146925189E-004      0.179347369535E-003
      0.869750976562E+000      0.132692179075E-004     -0.493964872082E-004      0.178172498489E-003
      0.871276855469E+000      0.128445071545E-004     -0.479096840114E-004      0.177286745480E-003
      0.872802734375E+000      0.124979854242E-004     -0.464515438295E-004      0.176680942976E-003
      0.874328613281E+000      0.122245622588E-004     -0.450192183896E-004      0.176346573501E-003
      0.875854492188E+000      0.120208056291E-004     -0.436098776673E-004      0.176276235349E-003
      0.877380371094E+000      0.118847443190E-004     -0.422207992725E-004      0.176463921344E-003
      0.878906250000E+000      0.118157391694E-004     -0.408494386059E-004      0.176905184159E-003
      0.880432128906E+000      0.118144113726E-004     -0.394934940210E-004      0.177597236093E-003
      0.881958007813E+000      0.118826190863E-004     -0.381509776032E-004      0.178539015217E-003
      0.883483886719E+000      0.120234778551E-004     -0.368203015940E-004      0.179731238577E-003
      0.885009765625E+000      0.122414214448E-004     -0.355003904853E-004      0.181176457113E-003
      0.886535644531E+000      0.125423019604E-004     -0.341908307445E-004      0.182879122507E-003
      0.888061523438E+000      0.129335289113E-004     -0.328920731264E-004      0.184845673828E-003
      0.889587402344E+000      0.134242471757E-004     -0.316057072083E-004      0.187084650613E-003
      0.891113281250E+000      0.140255525660E-004     -0.303348348439E-004      0.189606838709E-003
      0.892639160156E+000      0.147507429378E-004     -0.290845765481E-004      0.192425455039E-003
      0.894165039062E+000      0.156155922208E-004     -0.278627640807E-004      0.195556379358E-003
      0.895690917969E+000      0.166386322181E-004     -0.266808802814E-004      0.199018440743E-003
      0.897216796875E+000      0.178414005332E-004     -0.255553413674E-004      0.202833769927E-003
      0.898742675781E+000      0.192485855030E-004     -0.245092426797E-004      0.207028230370E-003
      0.900268554688E+000      0.208879410454E-004     -0.235747314656E-004      0.211631944258E-003
      0.901794433594E+000      0.227897506060E-004     -0.227962176195E-004      0.216679933751E-003
      0.903320312500E+000      0.249854609853E-004     -0.222346814163E-004      0.222212902741E-003
      0.904846191406E+000      0.275048452396E-004     -0.219733649403E-004      0.228278190253E-003
      0.906372070313E+000      0.303706294884E-004     -0.221250901263E-004      0.234930932846E-003
      0.907897949219E+000      0.335888512385E-004     -0.228412156355E-004      0.242235478532E-003
      0.909423828125E+000      0.371322241444E-004     -0.243215825012E-004      0.250267094825E-003
      0.910949707031E+000      0.409124602094E-004     -0.268232178202E-004      0.259113999211E-003
      0.912475585938E+000      0.269318311242E-109      0.273700404348E-056      0.242423694312E-051
      0.914001464844E+000      0.172372360937E-046      0.207982646944E+026      0.110764096037E-046
      0.915527343750E+000      0.290739159680E-032      0.786351133518E-066      0.354040270404E-056
      0.917053222656E+000      0.515912447842E-061      0.602667180503E-153      0.331562054774E-032
      0.918579101562E+000      0.200460840114E-075      0.174586072569E-075      0.141036509574E-070
      0.920104980469E+000      0.126391742356E-075      0.148575177339E-075      0.331411593793E-032
      0.921630859375E+000      0.272420948751E-004     -0.892111263059E-004      0.354908709730E-003
      0.923156738281E+000      0.698890961410E-005     -0.954116807104E-004      0.375441564015E-003
      0.924682617188E+000     -0.171589994363E-004     -0.926117244823E-004      0.398105493617E-003
      0.926208496094E+000     -0.399375926782E-004     -0.785861344018E-004      0.422842366724E-003
      0.927734375000E+000     -0.549707055154E-004     -0.550080589728E-004      0.449387726299E-003
      0.929260253906E+000     -0.580819240813E-004     -0.276399808523E-004      0.477196162580E-003
      0.930786132812E+000     -0.498675741060E-004     -0.365139562268E-005      0.505422236958E-003
      0.932312011719E+000     -0.353187435757E-004      0.122548055592E-004      0.533050702241E-003
      0.933837890625E+000     -0.206912792683E-004      0.201312346167E-004      0.559230197339E-003
      0.935363769531E+000     -0.978212206358E-005      0.241044968692E-004      0.583692169705E-003
      0.936889648438E+000     -0.181133136489E-005      0.292872647335E-004      0.606896420702E-003
      0.938415527344E+000      0.787808333405E-005      0.380058381277E-004      0.629518240980E-003
      0.939941406250E+000      0.244157951323E-004      0.475396780008E-004      0.651329455648E-003
      0.941467285156E+000      0.490610769824E-004      0.512103788688E-004      0.670185160607E-003
      0.942993164063E+000      0.770303011116E-004      0.428222551530E-004      0.682081914004E-003
      0.944519042969E+000      0.998392326987E-004      0.214741379289E-004      0.682692664167E-003
      0.946044921875E+000      0.110743202945E-003     -0.744870031461E-005      0.669600858115E-003
      0.947570800781E+000      0.108557156675E-003     -0.359974630100E-004      0.643610236902E-003
      0.949096679688E+000      0.969425007848E-004     -0.583319613367E-004      0.608174198967E-003
      0.950622558594E+000      0.810486303376E-004     -0.725348202013E-004      0.567663666936E-003
      0.952148437500E+000      0.648953456515E-004     -0.795669244152E-004      0.525867086843E-003
      0.953674316406E+000      0.506498595346E-004     -0.814816094750E-004      0.485368039270E-003
      0.955200195312E+000      0.390426953771E-004     -0.802535012399E-004      0.447601619241E-003
      0.956726074219E+000      0.300103125223E-004     -0.773503033164E-004      0.413174993893E-003
      0.958251953125E+000      0.231656732230E-004     -0.737201159056E-004      0.382190435514E-003
      0.959777832031E+000      0.180541006317E-004     -0.699182901629E-004      0.354481476658E-003
      0.961303710938E+000      0.142638457063E-004     -0.662419913975E-004      0.329760582636E-003
      0.962829589844E+000      0.114599347348E-004     -0.628321910896E-004      0.307702562317E-003
      0.964355468750E+000      0.938416265458E-005     -0.597410078645E-004      0.287987664127E-003
      0.965881347656E+000      0.784317833904E-005     -0.569729562904E-004      0.270321425042E-003
      0.967407226563E+000      0.669441823101E-005     -0.545090109668E-004      0.254441922915E-003
      0.968933105469E+000      0.583356596196E-005     -0.523201029251E-004      0.240120606392E-003
      0.970458984375E+000      0.518451247722E-005     -0.503743818450E-004      0.227160118810E-003
      0.971984863281E+000      0.172372360937E-046      0.207982646944E+026      0.242423694312E-051
      0.973510742188E+000      0.290739159680E-032      0.786351133518E-066      0.110764096037E-046
      0.975036621094E+000      0.515912447842E-061      0.602667180503E-153      0.354040270404E-056
      0.976562500000E+000      0.200460840114E-075      0.174586072569E-075      0.331562054774E-032
      0.978088378906E+000      0.126391742356E-075      0.148575177339E-075      0.141036509574E-070
      0.979614257812E+000      0.408221329977E-032      0.130211110112E-089      0.331411593793E-032
      0.981140136719E+000      0.601334503345E-153      0.825106506876E-071      0.273700404348E-056
      0.982666015625E+000      0.442226475521E-061      0.331411593793E-032      0.242423694312E-051
      0.984191894531E+000      0.269318311242E-109      0.273700404348E-056      0.110764096037E-046
      0.985717773438E+000      0.172372360937E-046      0.207982646944E+026      0.354040270404E-056
      0.987243652344E+000      0.290739159680E-032      0.786351133518E-066      0.331562054774E-032
      0.988769531250E+000      0.515912447842E-061      0.602667180503E-153      0.141036509574E-070
      0.990295410156E+000      0.114349797878E-070      0.825555616422E-071      0.242423694312E-051
      0.991821289062E+000      0.442226475521E-061      0.331411593793E-032      0.110764096037E-046
      0.993347167969E+000      0.269318311242E-109      0.273700404348E-056      0.354040270404E-056
      0.994873046875E+000      0.172372360937E-046      0.207982646944E+026      0.331562054774E-032
      0.996398925781E+000      0.114349797878E-070      0.825555616422E-071      0.242423694312E-051
      0.997924804688E+000      0.442226475521E-061      0.331411593793E-032      0.110764096037E-046
      0.999450683594E+000      0.269318311242E-109      0.273700404348E-056      0.354040270404E-056
      0.100097656250E+001      0.172372360937E-046      0.207982646944E+026      0.331562054774E-032
